1706566685927
1706566688464
1706566688623
1706566689049
1706566689228
1706566689411
1706566689582
1706566689739
1706566689878
1024
1024
15
16
1024
1024
14
1025
13
12
12
11
11
13
13
12
13
14
1024
1024
23
1024
31
1024
964
1025
322
1024
1025
1025
1025
15
13
13
12
12
12
12
12
12
12
12
12
12
12
12
12
12
12
324
15
16
19
1024
1024
323
1024
1024
322
1024
1024
1024
1024
324
1025
1024
1025
1025
322
1025
1025
1024
1024
1025
1024
1025
1025
1025
1025
1024
1024
1025
1025
1025
1024
1024
1024
1025
652
1024
1024
1025
1025
1025
1025
323
1025
1025
1025
1025
1024
1025
19
19
1025
1025
13
13
12
12
12
12
10
12
11
12
12
12
12
12
12
13
11
12
12
12
12
12
12
12
12
12
12
12
12
12
12
12
12
12
12
12
12
13
1024
1024
1025
1024
1025
324
1025
1025
1025
1025
1024
1025
1024
1025
1025
664
1024
1024
1024
1024
1024
1024
1024
1024
1024
1024
325
1024
518
1024
324
1024
1024
1024
1025
324
324
1024
1024
321
325
321
322
1024
346
1024
1025
1024
1024
1025
1024
322
1024
806
1024
1024
1025
755
1025
324
1024
1024
521
326
1024
1024
1024
1024
1024
1024
324
1025
364
1025
1024
1024
1024
1024
48
47
1025
48
1024
1025
1025
1025
1024
1024
1024
1024
1024
1024
1025
1024
1024
1025
1025
1025
1024
1024
1024
1025
1024
1024
1024
1024
1025
1025
324
1024
321
1025
1025
1025
1025
1024
1024
1025
1025
1024
1024
562
1025
1025
326
325
1024
1024
1024
1024
1025
1024
1025
1025
1025
1025
322
322
1025
1025
324
324
1025
1025
1025
458
1025
1025
1025
1025
326
324
1025
1025
1025
491
1025
1025
1024
1024
1024
1024
1024
322
324
323
322
1025
1025
326
1024
1024
324
742
323
1024
1024
1025
1025
1025
1025
1025
1025
1024
1024
1024
1024
1024
322
1025
1024
1024
1024
1025
1025
1025
1025
1025
447
1025
590
1025
1025
1025
1024
918
1024
1024
1024
1024
323
1024
1024
1025
350
1024
1025
1025
1025
1025
1025
1025
1025
321
1025
1025
1024
1024
1024
1024
1025
1025
323
1024
1024
322
1025
1025
1025
1025
1025
843
1025
1025
1025
1025
1025
1025
1025
1025
327
1025
1025
1025
645
1025
1025
1025
1025
1025
1025
323
17
13
12
13
12
11
13
12
13
12
12
13
13
13
12
12
12
13
12
1025
13
13
12
12
12
12
12
12
12
12
12
13
13
12
12
13
13
13
14
320
321
13
320
320
319
319
320
300
321
1024
1024
1024
1024
1024
1024
1024
1024
1025
1024
1024
1024
1024
1024
1024
1024
1024
1024
1024
33
1024
1024
1024
1024
1024
1024
1024
1024
1024
1024
1024
1024
1024
1025
1025
1025
1025
1024
1024
1025
1025
1025
1025
32
1024
14
12
12
11
12
13
12
11
14
13
13
13
12
13
1025
12
12
20
16
19
1024
26
1024
1024
1024
1024
1024
1024
1024
1024
1024
1024
1024
1024
1024
1025
1024
1024
1024
1024
1024
30
30
1024
1024
1024
42
42
45
1025
1024
1024
1024
1024
1024
1025
1025
1025
1025
1024
29
1025
27
22
27
23
1025
1025
1025
1025
1025
1025
21
1025
1024
1024
1025
15
16
1025
1025
1025
1024
1025
1025
1024
14
17
22
18
1025
1024
1024
1024
1025
1024
23
23
1025
324
22
22
22
323
22
1025
19
1024
1025
15
15
15
16
16
16
17
16
18
17
18
18
19
20
1025
1018
27
26
27
1019
1019
1019
1018
1018
9
1018
1018
19
9
10
9
10
8
9
10
5
15
1019
420
11
12
11
12
17
17
20
22
1018
1018
1018
23
16
11
1018
1018
1018
1018
1018
1018
1018
1018
1018
1018
1018
1019
1019
1018
1019
1018
1018
1018
1018
1018
16
1018
1018
1018
1019
1019
1018
1019
1019
1019
1019
1018
1018
18
17
18
17
17
17
17
1018
18
18
1018
1018
1019
1018
1019
1019
1019
1019
1018
1019
1019
1019
1019
1019
18
1019
1018
1018
1018
1018
1019
1018
1018
1019
1018
1019
1019
1018
1019
1019
1019
1019
1018
1019
1018
1018
1018
1018
1019
1018
1019
1018
1018
1018
1018
1018
1018
1018
1018
1018
1019
1019
1018
1019
1018
1019
1019
1019
1018
1018
10
12
11
10
10
11
10
10
10
10
10
11
11
13
16
15
1018
1019
1019
1019
1018
1018
1019
1019
1019
1019
1019
1018
1018
1019
1018
1018
1019
1019
1019
1018
1019
1019
1018
1018
1018
1019
1019
1018
1018
1019
1019
1019
1019
1018
1019
1019
1019
1018
1019
1019
1019
1019
1019
1019
1019
1019
1019
1019
1019
1019
1019
1019
1019
1019
1019
1019
1019
1019
1018
1019
1019
1018
1018
1019
1018
1018
1019
1019
1019
1019
1019
1019
1019
1019
1019
1019
1019
1019
1019
1019
1019
1019
1019
1019
1019
1019
1019
1019
1019
1019
1019
1019
1019
1019
1019
1019
1019
1019
1019
1019
1019
1019
1019
1019
1019
1019
1019
1019
1019
1019
1019
1019
1019
1019
1019
1019
1019
1019
1019
1019
1019
1019
1019
1019
1019
1019
1019
1019
1019
1019
1019
1019
1019
1019
1019
1019
1019
1019
1019
1019
1019
1019
1019
1019
1019
1019
1019
1019
1019
1019
1019
1019
1019
1019
1019
1019
1019
1019
1019
1019
1019
1019
1019
1019
1019
1019
1019
1019
1019
1019
1019
1019
1019
1019
1019
1019
1019
1019
1019
1019
1019
1019
1019
1019
1019
1019
1019
1019
1019
1019
1019
1019
1019
1019
1019
1019
1019
1019
1019
1019
1019
1019
1019
1019
1019
1019
1019
1019
1019
1019
1019
1019
1019
1019
1019
1019
1019
1019
1019
1019
1019
1019
1019
1019
1019
1019
1019
1019
1019
1019
1019
1019
1019
1019
1019
1019
1019
1019
1019
1019
1019
1019
1019
1019
1019
1018
1019
1019
1019
1019
135
135
1019
1019
1019
1019
1019
12
12
11
11
11
11
11
11
10
11
12
12
1019
12
1019
1019
1019
1019
1019
1018
1019
1019
11
12
12
12
1019
1019
1018
1019
1019
1019
1019
1019
1019
1019
1019
1019
1019
1019
1019
1018
1019
1019
1019
1019
1019
1019
1019
1019
1019
1019
1019
1019
1019
1019
1019
1019
1019
1018
1018
1019
1019
1019
1019
1019
11
11
11
11
11
11
10
11
10
10
11
11
11
11
11
11
11
10
11
11
11
11
11
11
11
8
10
11
11
11
11
11
11
11
10
11
11
11
11
11
9
10
10
12
11
13
12
11
11
10
1019
1019
1019
10
1019
10
10
12
10
10
10
11
10
10
10
10
10
10
10
14
9
10
10
10
10
10
10
10
10
10
10
10
10
10
10
10
12
10
10
10
10
10
10
10
10
8
10
10
10
11
10
10
10
10
10
10
10
10
10
10
10
10
10
10
10
10
10
10
10
10
10
10
10
10
10
10
10
10
10
10
10
10
10
10
10
10
10
10
10
10
10
10
10
10
10
10
1018
10
1018
10
1019
1019
1019
1019
1018
1019
1019
1019
1018
1018
1018
1019
1019
1019
1019
1019
1019
1019
1019
1019
1019
1018
1019
1019
1019
1018
1019
1019
1019
1019
136
1018
1019
1018
11
11
1019
1019
1019
1019
1019
1019
1019
1019
1019
1019
1018
1018
1019
1018
1018
1018
1019
1019
1018
1019
1019
1019
1019
1019
1019
1019
1019
1019
1019
1018
1018
1018
1018
1018
1019
1019
1018
1019
1019
1019
1019
1019
1018
1019
1018
1019
1018
1018
1019
1018
1018
1018
1019
1019
1018
1019
1019
1019
1019
1019
1019
1018
1018
1018
1018
1018
1018
1018
1019
1019
1019
1019
1019
1019
1019
1019
1018
1019
1018
1018
1018
1018
1018
1019
1019
1019
1019
1018
1018
1018
1018
1019
1018
1019
1019
1019
1019
1018
1018
1019
1018
1019
1019
1018
1019
1019
1019
1018
1018
1018
1018
1018
1018
1018
10
9
10
10
1019
1019
1019
10
10
1019
10
10
1019
1019
1019
1018
1019
1018
1019
1019
1019
1019
1019
1019
1019
1019
1019
1019
350
1019
1019
1019
1019
1019
1019
1019
1019
1019
1018
1019
1019
1019
1019
1019
1019
1019
1019
1019
1019
1019
1019
1019
1019
1019
1019
1019
1019
1019
1019
1019
1019
1019
1019
1018
1019
1019
1019
1019
1019
1019
1019
1019
1019
1019
1019
1019
1019
1018
1019
1019
1019
1019
1019
1019
1019
1019
1019
1019
1019
1019
1019
1019
1019
1019
1018
1019
1019
1019
1019
1019
1019
1018
1019
1019
1019
1019
1019
1019
1019
1019
1019
1019
1019
1019
1019
1019
1019
1019
1019
1019
1019
1019
1019
1019
1019
1018
1019
1018
1019
1019
1019
1019
1019
1019
1019
1019
1019
1019
1019
1019
1019
1019
1019
1019
1019
1019
1019
1019
1019
1019
1019
1019
1019
1019
1019
1019
1018
1018
1018
1019
1019
1019
1019
1019
1019
1019
1019
1018
1019
1019
1019
1019
1019
1019
1019
1019
1019
1019
1019
1019
1019
1019
1019
1019
1019
1019
1019
1019
1019
1019
1019
1019
1019
1019
1019
1019
1019
1019
1019
1019
1019
1019
1019
1018
1019
1018
1018
1019
1018
1018
1019
1019
1018
1019
1019
1019
1019
1018
1019
1019
1018
1018
1019
1019
1019
1019
1019
1019
1019
1019
1019
1019
1019
1019
1019
1019
1019
1019
1019
1019
1019
1019
1019
1019
1019
1019
1019
1019
1019
1019
1019
1019
1019
1019
1019
1019
1019
1019
1019
1019
1019
1019
1019
1019
1019
1019
1019
1019
1019
1019
1019
1019
1019
1019
1019
1019
1019
1019
1019
1019
1019
1019
1019
1019
1019
1019
1019
1019
1019
1019
1019
1019
1019
1019
1018
1019
1019
1019
1018
1018
1018
1018
1018
1019
1019
1019
1018
1019
1019
1018
1019
1019
1019
1018
1018
1018
1019
1018
1019
1018
1018
1019
1019
1018
1018
1019
1018
1018
1018
1018
1019
1019
1019
1019
1019
1018
1018
1019
1019
1019
1019
1018
1019
1019
1018
1019
1019
1019
1018
1018
1019
1019
1019
1019
1019
1019
1019
1019
1019
1019
1019
1019
1019
1019
1019
1019
1019
1019
1019
1019
1019
1019
1019
1019
1019
1019
1019
1019
1019
1019
1019
1019
1019
1019
1019
1019
1018
1019
1019
1019
1019
1019
1019
1019
1019
1019
1019
1019
1019
1019
1019
1019
1019
1019
1019
1019
1019
1018
1019
1019
1019
1019
1019
1019
1019
1019
1019
1019
1019
1019
1019
1019
1019
1019
1019
1019
1018
1018
1019
1018
1019
1019
1019
1019
1019
1019
1019
1019
1019
1019
1019
1019
1019
1019
1019
1019
1019
1019
1019
1019
1019
1019
1019
1019
1019
1019
1019
1019
1019
1019
1019
1019
1019
1019
1019
1019
1019
1019
1019
1019
1019
1019
1019
1019
1019
1018
1019
1018
1019
1019
1019
1019
1019
1019
1019
1019
1018
1018
1018
1019
1018
1018
1019
1019
1019
1019
1019
1018
1019
1019
1019
1019
1019
1019
1019
1019
1019
1018
1019
1019
1019
1019
1019
1019
1019
1019
1019
1019
1019
1019
1019
1019
1019
1019
1019
1019
1019
1019
1019
1019
1019
1019
1019
1019
1019
1019
1019
1019
1019
1019
1019
1019
1019
1019
1019
1019
1019
1019
1019
1019
1019
1019
1019
1019
1018
1018
1019
1019
1019
1018
1019
1019
1019
1018
1019
1018
1019
1019
1019
1019
1019
1019
1019
1019
1019
1019
1019
1019
1018
1019
1019
1019
1019
1019
1019
1019
1019
1019
1019
1019
1019
1019
1019
1019
1019
1019
1019
1019
1019
1019
1019
1019
1019
1019
1019
1019
1019
1019
1019
1019
1019
1019
1019
1019
1019
1019
1019
1019
1019
1018
1019
1018
1019
1019
1019
1019
1019
1019
1019
1019
1019
1019
1019
1019
1019
1018
1019
1019
1018
1019
1019
1019
1019
1019
1019
1019
1019
1019
1019
1019
1019
1019
1019
1019
1019
1018
1019
1018
1019
1018
1018
1019
1019
1019
1018
1019
1019
1018
1019
1018
1019
1018
1019
1019
1019
1019
1019
1019
1019
1019
1019
1019
1019
1019
1019
1019
1019
1019
1019
1019
1019
1019
1019
1019
1019
1019
1019
1019
1019
1019
1019
1019
1019
1019
1019
1019
1019
1019
1019
1019
1019
1019
1019
1019
1019
1019
1019
1019
1019
1019
1019
1019
1019
1019
1018
1019
1019
1019
1018
1018
1019
1019
1019
1019
1019
1019
1019
1018
1019
1018
1018
1019
1018
1019
1019
1019
1019
1019
1019
1019
1019
1019
1019
1019
1019
1019
1019
1018
1019
1019
1019
1019
1019
1019
1019
1019
1019
1019
1019
1019
1019
1019
1019
1019
1019
1019
1019
1019
1019
1019
1019
1019
1019
1019
1019
1019
1019
1019
1019
1019
1019
1019
1019
1019
1019
1019
1019
1019
1019
1019
1024
1024
1024
1024
1024
1024
1024
1024
1024
1024
1024
1024
1024
1024
1024
1024
1024
1024
1024
1024
1024
1025
1024
1024
1024
1024
1024
1024
1024
1024
1024
1024
1024
1024
1024
1024
1024
1024
1024
1024
1024
1024
1024
1024
1024
1024
1024
1024
1024
1024
1024
1024
1024
1024
1024
1024
1024
1024
1024
1024
1024
1024
1024
1024
1024
1024
1024
1024
1024
1024
1024
1024
1024
1024
1024
1024
1024
1024
1024
1024
1024
1024
1024
1024
1024
1024
1024
1024
1024
1024
1024
1024
1024
1024
1024
1024
1024
1024
1024
1024
1024
1024
1024
1024
1024
1024
1024
1024
1024
1024
1024
1024
1024
1024
1024
1024
1024
1024
1024
1024
1024
1024
1024
1024
1024
1024
1024
1024
1024
1024
1024
1024
1024
1024
1024
1024
1024
1024
1024
1024
1024
1024
1024
1024
1024
1024
1024
1024
1024
1024
1024
1024
1024
1024
1024
1024
1024
1024
1024
1024
1024
1024
1024
1024
1024
1024
1024
1024
1024
1024
1024
1024
1024
1024
1024
1024
1024
1024
1024
1024
1024
1024
1024
1024
1024
1024
1024
1024
1024
1024
1024
1024
1024
1024
1024
1024
1024
1024
1024
1024
1024
1024
1024
1024
1024
1024
1024
1024
1024
1024
1024
1024
1024
1024
1024
1024
1024
1024
1024
1024
1024
1024
1024
1024
1024
1024
1024
1024
1024
1024
1024
1024
1024
1024
1024
1024
1024
1024
1024
1024
1024
1024
1024
1024
1024
1024
1024
1024
1024
1024
1024
1024
1024
1024
1024
1024
1024
1024
1024
1024
1024
1024
1024
1024
1024
1024
1024
1024
1024
1024
1024
1024
1024
1024
1024
1024
1024
1024
1024
1024
1024
1024
1024
1024
1024
1024
1024
1024
1024
1024
1024
1024
1024
1024
1024
1024
1024
1024
1024
1024
1024
1024
1024
1024
1024
1024
1024
1024
1024
1024
1024
1024
1024
1024
1024
1024
1024
1024
1024
1024
1024
1024
1024
1024
1024
1024
1024
1024
1024
1024
1024
1024
1024
1024
1024
1024
1024
1024
1024
1024
1024
1024
1024
1024
1024
1024
1024
1024
1024
1024
1024
1024
1024
1024
1024
1024
1024
1024
1024
1024
1024
1024
1024
1024
1024
1024
1024
1024
1024
1024
1024
1024
1024
1024
1024
1024
1024
1024
1024
1024
1024
1024
1024
1024
1024
1024
1024
1024
1024
1024
1024
1024
1024
1024
1024
1024
1024
1024
1024
1024
1024
1024
1024
1024
1024
1024
1024
1024
1024
1024
1024
1024
1024
1024
1024
1024
1024
1024
1024
1024
1024
1024
1024
1024
1024
1024
1024
1024
1024
1024
1024
1024
1024
1024
1024
1024
1024
1024
1024
1024
1024
1024
1024
1024
1024
1024
1024
1024
1024
1024
1024
1024
1024
1024
1024
1024
1024
1024
1024
1024
1024
1024
1024
1024
1024
1024
1024
1024
1024
1024
1024
1024
1024
1024
1024
1024
1024
1024
1024
1024
1024
1024
1024
1024
1024
1024
1024
1024
1024
1024
1024
1024
1024
1024
1024
1024
1024
1024
1024
1024
1024
1024
1024
1024
1024
1024
1024
1024
1024
1024
1024
1024
1024
1024
1024
1024
1024
1024
1024
1024
1024
1024
1024
1024
1024
1024
1024
1024
1024
1024
1024
1024
1024
1024
1024
1024
1024
1024
1024
1024
1024
1024
1024
1024
1024
1024
1024
1024
1024
1024
1024
1024
1024
1024
1024
1024
1024
1024
1024
1024
1024
1024
1024
1024
1024
1024
1024
1024
1024
1024
1024
1024
1024
1024
1024
1024
1024
1024
1024
1024
1024
1024
1024
1024
1024
1024
1024
1024
1024
1024
1024
1024
1024
1024
1024
1024
1024
1024
1024
1024
1024
1024
1024
1024
1024
1024
1024
1024
1024
1024
1024
1024
1024
1024
1024
1024
1024
1024
1024
1024
1024
1024
1024
1024
1024
1024
1024
1024
1024
1024
1024
1024
1024
1024
1024
1024
1024
1024
1024
1024
1024
1024
1024
1024
1024
1024
1024
1024
1024
13
13
13
1020
14
14
14
15
14
12
13
1018
15
1018
15
14
1018
9
11
12
12
11
10
9
10
10
9
8
8
8
8
9
8
7
7
7
6
7
7
7
7
7
8
7
7
7
7
7
7
7
7
7
7
7
7
8
7
7
7
7
7
7
8
8
7
8
8
7
8
7
7
7
7
8
8
7
7
7
7
7
7
8
8
7
7
7
10
9
1019
14
9
10
8
9
8
8
8
8
8
8
9
9
9
9
9
9
10
9
9
9
9
9
9
10
11
11
11
10
10
11
10
10
10
10
10
11
11
11
11
11
11
11
10
11
11
11
11
11
11
11
11
11
11
11
11
11
11
11
11
11
11
11
11
12
11
11
11
11
11
11
11
11
11
8
8
10
10
15
1019
6
7
8
7
6
6
6
6
6
6
7
6
9
5
5
7
8
1019
14
15
1018
11
14
9
9
11
9
11
8
10
8
10
9
8
9
1018
9
10
9
9
9
9
9
9
9
9
9
9
9
9
10
9
9
9
9
9
9
9
9
9
9
9
9
9
9
9
9
9
9
9
9
9
8
9
9
9
9
8
9
8
9
9
9
9
9
9
9
9
10
9
9
9
9
8
9
9
9
9
9
9
8
9
9
9
9
9
9
9
9
10
9
9
9
10
10
9
9
9
8
9
9
9
9
9
9
9
9
9
9
9
9
9
8
9
9
9
9
9
9
9
9
9
9
9
9
9
9
9
10
10
9
9
10
10
10
10
10
10
10
10
1019
1019
10
10
10
10
10
10
10
10
11
1019
11
10
10
10
10
10
10
10
9
9
9
10
9
9
9
10
10
10
10
10
10
10
10
10
10
10
10
10
10
11
1019
1019
1019
1019
1019
1019
1019
1019
1019
1019
1019
1019
1019
1019
1018
1018
1018
1018
1019
1019
1019
11
11
12
10
10
10
10
9
9
10
10
10
10
10
1019
1019
1019
10
9
9
9
9
8
8
8
8
8
8
9
8
8
8
8
8
8
8
10
8
8
8
8
8
8
8
9
9
9
9
9
9
10
10
11
12
12
13
12
11
11
11
11
11
10
10
11
11
11
11
11
10
10
10
10
10
10
10
10
9
10
9
9
9
9
8
8
8
8
8
8
8
9
8
7
8
8
9
9
9
9
9
9
9
8
9
8
9
8
8
9
8
8
8
9
9
9
9
9
8
8
9
9
9
9
9
9
11
9
9
9
9
9
9
9
9
9
9
9
9
9
9
9
9
9
9
9
8
9
9
9
9
9
7
8
9
9
9
9
9
9
9
9
9
9
9
9
9
9
9
9
9
9
9
9
1018
8
9
1018
10
9
1018
14
16
1018
1018
1018
1018
1018
1018
1018
1018
1018
1018
8
9
9
9
9
8
8
8
8
8
8
8
9
10
11
12
15
16
19
22
25
27
30
32
38
1018
1018
1018
1018
1018
1018
20
15
13
9
1018
1018
1018
1018
1018
10
1018
1018
1018
1018
1018
1018
1018
1018
1018
1018
1018
1018
1018
1018
1018
1018
1018
1018
1018
1018
1018
1018
1018
1018
1018
1018
1018
1018
1018
1018
1018
1018
1018
1018
1018
1018
1018
1018
1018
1018
1018
1018
1018
1018
1018
1018
1018
1018
1018
1018
1018
1018
1018
1018
1018
1018
1018
1018
1018
1018
1018
1018
1018
1018
1018
1018
1018
1018
1018
1018
1018
1018
1018
1018
1018
1018
1018
1018
1018
1018
1018
1018
1018
1018
1018
1018
1018
1018
1018
1018
1018
1018
1018
1018
1018
1018
1018
1018
1018
1018
1018
9
10
1018
1018
1018
1018
1018
1018
1018
1018
1018
1018
1018
1018
1018
1018
1018
1018
1018
1018
1018
1018
1018
1018
1018
1018
1018
1018
1018
1018
1018
1018
1018
1018
1018
1018
1018
1018
1018
1018
1018
1018
1018
1018
1018
1018
1018
1018
1018
1018
1018
1018
1018
1018
1018
1018
1018
1018
1018
1018
1018
1018
1018
1018
1018
1018
1018
1018
1018
1018
1018
1018
1018
1018
1018
1018
1018
1018
1018
1018
1018
1018
1018
1018
1018
1018
1018
1018
1018
1018
1018
1018
1018
1018
1018
1018
1018
1018
1018
1018
1018
1018
1018
1018
1018
1018
1018
1018
1018
1018
1018
1018
1018
1018
1018
1018
1018
1017
1018
22
1018
27
18
12
10
9
9
9
9
9
9
9
13
16
19
22
22
22
21
20
24
27
29
39
45
1018
1018
1018
1018
1018
1018
1018
1018
1018
34
22
20
21
1018
23
1018
34
1018
40
41
1018
41
41
42
42
1018
40
37
1018
45
1018
55
1018
49
1018
1018
1018
43
36
1018
1018
14
11
8
8
8
7
6
6
6
5
7
6
8
17
24
20
1018
1018
1018
1018
1018
1018
1018
1018
1018
1018
1018
1018
7
6
6
5
6
7
6
6
6
6
6
6
7
7
6
8
20
3
3
3
4
4
3
6
6
7
7
7
6
7
6
7
7
12
5
3
7
7
7
7
7
8
6
3
3
7
7
7
7
7
7
7
7
7
7
7
7
7
7
7
7
7
1
2
2
8
2
2
3
6
7
7
7
7
7
7
7
7
7
7
7
7
1017
1017
1017
1018
7
7
7
7
7
7
7
7
7
7
7
7
6
1018
4
1018
1017
4
1018
1018
1018
1018
1018
1018
31
16
10
14
14
18
24
29
34
36
1018
43
1018
44
1018
1018
1018
138
41
40
39
134
45
137
33
134
25
20
20
18
18
19
25
34
134
135
52
57
59
137
137
136
136
135
54
54
136
58
1018
136
137
64
1018
136
136
135
48
39
136
27
18
13
10
11
10
9
9
10
10
15
20
24
32
37
42
50
52
55
135
135
58
58
1018
135
57
134
134
134
135
40
32
134
23
136
1018
1018
1018
1018
137
1018
1018
1018
1018
1018
1018
137
1018
138
1018
1018
1018
138
1018
1018
1018
1018
1018
1018
138
137
136
137
137
137
137
1018
1018
1018
1018
1018
1018
138
1018
1018
1018
1018
1018
1018
1018
1018
1018
1018
1018
8
9
9
9
12
20
24
30
35
43
48
51
52
52
52
1018
59
1018
54
49
43
35
27
22
19
18
16
21
21
28
34
42
48
51
1018
1018
58
1018
60
1018
1018
1018
135
28
21
14
14
16
23
33
46
50
135
136
59
52
135
40
30
1018
19
1018
138
137
1018
1018
1018
1018
1018
1018
1018
1018
1018
1018
1018
1018
1018
137
1018
1018
1018
1018
1018
326
136
138
137
137
137
137
1018
1018
1018
1018
1018
1018
1018
1018
1018
1018
1018
1018
1018
1018
1018
137
136
136
137
137
136
136
136
136
136
136
137
1018
136
137
137
137
137
137
137
137
137
137
137
137
1018
137
137
137
137
136
138
137
137
1018
1018
1018
138
137
136
137
137
136
136
136
137
136
137
136
136
137
137
136
136
136
136
136
136
1018
137
137
137
137
1018
137
136
136
137
137
137
137
1018
137
1018
1018
137
136
137
137
137
137
1018
1018
136
1018
1018
1018
1018
136
136
136
137
137
137
137
137
137
137
1018
137
137
136
136
136
136
136
136
136
137
137
137
137
137
136
137
136
137
137
137
136
137
137
1018
136
137
137
136
136
136
137
137
138
137
138
1018
1018
1018
1018
1018
136
137
137
137
137
1018
137
1018
137
137
138
1018
1018
1018
138
137
1018
1018
1018
1018
1018
1018
1018
138
1018
1018
1018
1018
1018
139
137
137
138
1018
1018
1018
1018
1018
1018
138
137
138
137
137
1019
1018
1018
1018
1018
1018
1018
1018
1018
137
1019
1019
1018
138
137
137
138
1018
137
137
137
137
138
138
137
137
137
137
137
136
137
137
1018
138
1018
1018
1018
1018
1018
1018
1018
1018
1018
137
137
137
138
138
137
138
1018
1018
138
138
137
137
137
137
137
137
138
1018
1018
1018
138
1018
138
137
1018
515
1018
138
1018
138
1018
137
1018
137
137
1018
1018
137
1018
1018
1018
1018
1018
138
1018
1018
1018
137
137
137
137
137
137
137
138
137
136
138
138
137
137
138
1018
1018
1018
1018
1018
139
137
138
1018
1018
138
138
1018
1018
1018
138
1018
138
137
1018
137
1018
1018
1018
1018
1018
1018
1018
1018
1018
1018
1018
1018
1018
1018
1018
1018
1018
138
137
138
1018
138
1018
1018
138
1018
1018
137
138
138
1018
137
1018
1018
1018
137
1018
137
137
138
1018
1018
137
137
1018
1018
1018
1018
1018
1018
1018
1018
1018
1018
137
1018
1018
1018
1018
1018
1018
1018
1018
1018
1018
1018
1018
1018
1018
1018
139
138
1018
1018
1019
1018
1018
1018
1018
1018
138
1018
1018
138
138
1018
138
1018
1018
1018
1018
1018
1018
1018
1018
1018
1018
1018
1018
1018
1018
1018
1018
1018
1018
1018
1018
1018
1018
1018
1018
1018
1018
1018
1018
1018
1018
1018
1018
1018
1018
1018
1018
1018
138
1018
1018
1018
1018
1018
1018
1018
1018
1018
138
1018
1018
1018
1018
1018
1018
1018
1018
1018
1018
1018
1018
1018
1018
1018
1018
1018
1018
1018
138
1018
1018
137
1018
138
139
1018
1019
1018
1018
1018
138
1018
1018
1018
1018
1018
1018
1018
1018
1018
137
1018
137
139
1018
1018
1018
1018
1018
1018
1018
1018
139
1018
1018
1018
136
137
137
138
1018
1018
1018
1018
1018
1018
1018
1018
1018
1018
1018
1018
1018
1018
1018
1018
138
1018
1018
1018
1018
1018
1018
1018
1018
1018
1018
1018
1018
1018
1018
1018
1018
1018
1018
1018
1018
1018
1018
1018
1018
1018
1018
1019
328
1018
1018
1018
1018
1018
1018
1018
1018
1018
1018
1019
1018
1018
1018
1018
1018
1018
1018
1018
1018
138
1018
1018
1018
1018
1018
1018
515
1018
138
138
137
1018
1018
1018
1018
1018
1018
138
1018
1018
138
137
1018
1018
1019
1018
1018
1018
1018
1018
1018
1018
1018
137
138
1018
138
137
1018
138
1018
1018
1018
1018
1018
137
1018
1018
1018
1018
1018
137
137
1019
1019
1019
1019
1018
1018
1018
137
1019
1018
1018
1018
1018
137
1018
1018
1018
1018
1018
1018
1018
136
137
1018
1018
1018
1018
1018
1018
1018
1018
1018
1018
1018
1018
1018
1018
1018
1018
1018
1018
1018
1018
1018
1018
1018
1018
1018
1018
1018
1018
1018
1018
1018
1018
1018
1018
1018
1018
1018
1018
1018
1018
1018
1018
1018
1018
1018
1018
1018
1018
1018
1018
1018
1018
1018
1018
1018
1018
1018
1018
1018
1019
1018
1018
1018
1018
1018
1018
1018
1018
1018
1018
1018
1018
1018
1018
1018
1018
1018
1018
1018
1018
1018
1018
1018
1018
1018
1018
1018
1018
1018
1018
1018
1018
1018
1018
1018
1018
1018
1018
1018
1018
1018
1018
1018
1018
1018
1018
1018
1018
1018
1018
1018
1018
1018
1018
1018
1018
1018
1018
1018
1018
1018
1018
1018
1018
1018
1018
1018
1018
1018
1018
1018
1018
1018
1018
1018
1018
1018
136
1018
1018
1018
1018
1018
1018
1018
1018
1018
1018
1018
1018
1018
1018
1018
1018
1018
1018
1019
1018
1018
137
1018
1019
1018
1018
1018
1018
1018
1018
1018
1018
1018
1018
1018
1018
1018
1018
1018
1018
1018
1018
1018
1018
136
135
1018
1018
136
135
1018
1018
1018
1018
1018
1018
1018
1018
136
137
1018
1018
137
1018
1018
1018
1018
1018
1018
1018
1018
1018
1018
1018
1018
1018
1018
1018
1018
1018
1018
1018
1018
1018
1018
1018
1018
1018
137
1018
1018
1018
1018
1018
1018
1018
1018
1018
1018
137
1018
1018
1018
1018
1018
1018
136
1018
1018
1018
1018
1018
1018
1018
1018
1018
1018
1018
17
18
18
1019
16
20
21
1018
1018
1018
21
18
18
18
18
18
18
18
18
18
18
19
18
19
18
18
18
18
19
18
19
19
21
18
18
19
18
18
18
18
18
18
19
18
19
18
1018
17
20
20
20
21
1019
1019
1018
1018
1018
1018
1018
1018
1018
1018
1018
1018
1018
1018
1018
1018
1018
1018
1018
1018
1018
1018
1018
1018
1018
1018
1018
1018
1018
1018
1018
1018
1018
1018
1018
1018
1018
1018
1018
1018
1018
1018
1018
1018
1019
1018
1018
1018
1018
1018
1018
1018
1018
1018
1018
1018
1018
1018
1018
1018
1018
1018
1018
1018
1018
1018
1018
1018
1018
1018
1019
1019
949
1018
1018
1018
1018
1018
1018
1018
1018
1018
1018
1019
1018
1018
1018
1018
1018
1018
1018
1018
1018
1018
1018
1018
1018
1018
1018
1018
1018
1018
1018
1019
1018
1018
1018
1018
1018
1018
1018
1018
1018
1018
1018
1018
1019
1018
136
137
1018
1018
1018
1018
1018
1018
1018
1018
1018
1018
1018
136
1018
1019
1018
1018
1018
1018
1018
1018
586
1018
1018
393
