4
2
2
2
1
2
2
2
2
2
1
2
2
2
4
2
2
1
2
2
2
4
4
4
4
4
4
4
4
4
4
4
2
2
4
4
4
4
4
4
3
3
3
3
4
3
4
3
4
4
4
4
4
3
3
3
3
4
3
3
3
3
3
3
3
3
4
3
3
3
3
3
3
3
4
4
4
3
3
3
3
3
3
3
3
4
3
3
3
3
3
3
4
4
4
4
4
4
4
4
4
4
4
4
4
4
4
4
4
4
4
4
4
4
4
4
4
4
4
4
4
4
4
4
4
4
4
4
4
4
4
4
4
4
4
4
4
4
4
4
4
4
4
4
4
4
4
4
4
4
4
4
4
4
4
4
4
4
4
4
4
4
4
4
4
4
4
4
4
4
4
4
4
4
4
4
4
4
4
4
4
4
4
4
4
4
4
4
4
4
4
4
4
4
4
4
4
4
4
4
4
4
4
4
4
4
4
4
4
4
4
4
4
4
4
4
4
4
4
4
4
4
4
4
17
17
12
5
5
9
18
1017
1017
27
22
23
21
19
19
18
17
17
17
17
18
17
18
1017
16
5
6
5
6
6
6
6
6
6
6
6
8
21
24
16
5
5
5
5
5
5
6
7
19
18
8
19
19
18
10
6
5
6
5
4
4
7
10
11
10
1018
1017
213
1018
1018
1018
1018
1018
1018
1018
211
1018
1017
9
1017
1018
1017
1018
1017
1018
1018
1018
1018
1017
9
8
1018
1018
10
8
1018
1018
1017
1018
1018
1018
1018
1017
9
10
8
1018
9
1017
1017
1018
1018
1018
8
1018
1017
7
1018
1018
1018
1018
1018
1018
1018
1018
1018
1018
1018
1017
1018
1018
1018
1018
1018
1018
1017
1018
1018
1018
1018
1018
1018
1018
1017
1018
1017
1018
1018
1018
1018
1018
1018
1018
1018
1018
1018
1018
1018
1018
1018
1018
1018
1018
1018
1018
1018
