1018
1018
27
21
19
18
19
17
19
19
21
25
28
30
30
31
30
30
30
30
1018
23
398
20
20
16
15
19
240
24
30
502
619
45
136
136
49
51
52
52
1018
47
42
36
33
26
21
20
18
20
20
18
19
19
19
19
19
21
24
30
38
43
1018
56
57
57
58
56
1018
1019
1018
39
30
20
19
19
19
19
20
19
20
19
19
19
19
21
26
27
33
1019
1019
48
47
1019
1018
46
38
1019
22
19
19
19
19
19
1018
1018
25
34
42
48
1018
1018
1018
1018
1018
1018
1018
1018
1018
1018
44
32
26
1018
22
20
20
19
19
20
19
1018
20
19
19
1018
1018
21
23
25
26
26
26
27
28
30
31
31
36
40
1018
42
45
1018
50
49
51
50
1018
1018
1018
1018
51
1018
50
51
54
56
1018
1018
61
515
52
41
37
31
24
21
19
1018
1018
1018
20
20
19
19
19
20
1018
1018
1018
1018
21
19
19
19
19
19
20
19
19
19
20
19
19
19
1018
1018
137
137
137
1019
1018
138
1018
136
136
137
138
138
138
1018
1018
1018
1018
1018
1018
1018
1018
1018
1018
1018
1018
1018
1018
1018
1018
1018
1018
1018
1018
1018
1018
1018
1018
1018
1018
1018
1018
1018
11
8
22
23
27
1018
29
26
21
11
7
8
9
19
1018
30
1018
17
9
7
13
19
26
33
36
1018
1018
1018
1018
1018
32
1018
1018
18
14
12
10
9
10
9
11
12
10
17
20
11
9
8
14
25
1018
29
18
11
15
28
1018
22
13
16
24
23
16
1018
15
17
1018
1018
1018
1018
1018
1018
1018
1018
1018
1018
1018
1018
1018
1018
1018
1018
1018
10
1018
1018
1018
1018
1018
1018
1018
1018
1018
1018
1018
1018
1018
1018
1018
1018
1018
1018
1018
1018
1018
1018
1018
1018
1018
10
1018
1018
1018
1018
1018
1018
13
20
10
10
16
21
14
9
11
1018
1018
1018
1018
1018
1018
1018
1018
1018
1018
1018
1018
1018
1018
1018
1018
1018
1018
1018
1018
1018
1018
1018
1018
1018
1018
1018
1018
1018
1018
1018
1018
1018
1018
1018
1018
1018
1018
1018
1018
1018
1018
1018
1018
1018
1018
1018
1018
1018
1018
1018
1018
1018
1018
1018
1018
1018
1018
1018
1018
1018
1018
1018
1018
1018
1018
1018
1018
1018
1018
1018
1018
1018
1018
1018
1018
1018
1018
1018
1018
1018
1018
1018
1018
1018
1018
1018
1018
1018
1018
1018
1018
1018
1018
1018
1018
1018
1018
1018
1018
1018
1018
1018
1018
1018
1018
1018
1018
1018
1018
1018
1018
1018
1018
1018
1018
1018
1018
1018
1018
1018
1018
1018
1018
1018
1018
1018
1018
1018
1018
1018
1018
1018
1018
1018
1018
1018
1018
1018
1018
1018
1018
1018
1018
1018
1018
1018
1018
1018
1018
1018
1018
1018
1018
1018
1018
1018
1018
1018
1018
1018
1018
1018
1018
1018
1018
1018
1018
1018
1018
1018
1018
1018
1018
1018
1018
1018
1018
1018
1018
1018
1018
1018
1018
1018
1018
1018
1018
1018
1018
1018
1018
1018
1018
1018
1018
1018
1018
1018
1018
1018
1018
1018
1018
1018
1018
1018
1018
1018
1018
1018
1018
1018
1018
1018
1018
1018
1018
1018
1018
1018
1018
1018
1018
1018
1018
1018
1018
11
1018
1018
1018
1018
1018
1018
1018
1018
1018
1018
1018
1018
1018
1018
1018
1018
1018
1018
1018
1018
1018
1018
1018
1018
1018
1018
1018
1018
1018
1018
1018
1018
1018
1018
1018
1018
1018
1018
1018
1018
1018
1018
1018
1018
1018
1018
1018
1018
1018
1018
1018
1018
1018
1018
1018
1018
1018
1018
1018
1018
1018
1018
1018
1018
1018
1018
1018
1018
