1018
1017
1017
33
1018
44
1017
1017
1017
1017
1017
1017
1018
31
34
33
1017
1018
1017
1018
1018
1018
1018
37
33
1018
1018
33
1018
1017
40
1018
1018
1018
35
36
1017
1018
1017
1018
1017
1017
1018
1018
1017
1017
1017
1017
1018
1018
1018
1018
1018
1018
1017
1017
1018
1018
1018
1018
1018
1018
33
37
1018
1018
1018
1018
1018
1018
1018
1018
1018
1018
1018
262
1018
1018
1018
1017
1018
1018
1018
1018
1018
1018
1018
1018
1018
1018
1018
1018
1018
1018
1018
1018
1018
1018
1018
1018
1018
1018
1018
1018
1017
1018
1018
1018
1018
1018
1018
1018
1018
1018
1018
1018
1018
1018
1018
1018
1018
1018
1018
1018
1018
1018
1018
1018
1018
1018
1018
1018
1018
1018
1018
1018
1018
1018
1018
1018
1018
1018
1018
1018
1018
1018
1018
137
1018
1018
1018
1018
1018
1018
1018
1018
1018
1018
1018
1018
1018
1018
33
1018
1017
1018
1018
1018
1018
1018
1018
1018
1018
264
1018
1018
1018
1018
1018
1018
1018
1018
1018
1018
268
1018
1018
1018
1018
1018
274
1017
1018
300
299
299
1018
298
298
298
299
299
298
297
297
298
298
298
298
298
298
295
298
298
300
299
300
298
301
301
299
299
299
298
298
298
298
298
298
417
298
298
298
297
297
295
297
297
297
297
297
297
297
297
295
297
297
298
298
298
298
297
298
298
297
297
297
297
297
297
297
297
297
297
297
298
297
298
297
297
298
297
296
296
296
297
296
296
296
296
296
296
296
296
296
295
296
296
297
296
296
296
296
296
297
296
297
297
297
297
297
297
297
297
297
297
297
297
297
295
297
296
297
297
297
9
296
1018
9
10
22
24
12
7
9
16
21
22
1018
1018
25
24
23
22
1018
15
6
5
7
23
29
36
1018
1018
32
1018
18
1018
18
25
22
26
27
27
29
1018
1018
8
19
24
29
32
1018
1018
33
32
32
1018
28
28
27
26
26
27
26
29
25
25
28
1018
31
1018
26
24
25
26
30
37
34
28
24
1018
1018
1018
18
5
4
4
5
1018
1018
1018
1018
1018
33
1018
21
21
1018
20
19
5
12
1018
130
1018
1018
1018
1018
1018
130
1018
129
129
130
129
129
131
129
130
129
130
131
1018
131
130
130
130
130
130
130
1018
1018
1018
131
129
1017
1018
129
129
130
130
130
130
130
131
130
130
129
130
130
1017
130
130
130
130
131
130
129
130
131
1018
130
128
128
128
128
129
128
128
128
128
128
128
128
128
128
128
332
